HIV+tox21

0.79033841,  0.91443789,  0.90503971,  0.8639026 ,  0.72073063,
        0.80705882,  0.8154195 ,  0.78066038,  0.85153777,  0.79931622,
        0.90903244,  0.87021531
0.77742754,  0.78955995,  0.88430955,  0.86609278,  0.70314267,
        0.83111835,  0.76213025,  0.75775878,  0.89202887,  0.82246678,
        0.87276097,  0.838312  ,  0.79875909
0.7379544 ,  0.78586139,  0.910519  ,  0.85786705,  0.70399087,
        0.80135963,  0.8097288 ,  0.76987084,  0.87683344,  0.79011628,
        0.88861768,  0.82160489,  0.81688393]

random split for hiv_active
0.81140782
0.8192045
0.8068327